DATA_DESCRIPT   = Chaotic
INPUT_FEATURES  = 0
OUTPUT_FEATURES = 0
TRAIN_RECORDS   = 700
DATA_ROWS       = 700	  % 30 years
CODEC_FORMAT    = 1		  % time series
0.945426	0.94983	0.964947	0.991405	1.026797	1.065501	1.100331
0.94983	0.964947	0.991405	1.026797	1.065501	1.100331	1.125689
0.964947	0.991405	1.026797	1.065501	1.100331	1.125689	1.139706
0.991405	1.026797	1.065501	1.100331	1.125689	1.139706	1.143858
1.026797	1.065501	1.100331	1.125689	1.139706	1.143858	1.141285
1.065501	1.100331	1.125689	1.139706	1.143858	1.141285	1.1354
1.100331	1.125689	1.139706	1.143858	1.141285	1.1354	1.129145
1.125689	1.139706	1.143858	1.141285	1.1354	1.129145	1.124705
1.139706	1.143858	1.141285	1.1354	1.129145	1.124705	1.123387
1.143858	1.141285	1.1354	1.129145	1.124705	1.123387	1.125572
1.141285	1.1354	1.129145	1.124705	1.123387	1.125572	1.130703
1.1354	1.129145	1.124705	1.123387	1.125572	1.130703	1.137322
1.129145	1.124705	1.123387	1.125572	1.130703	1.137322	1.143128
1.124705	1.123387	1.125572	1.130703	1.137322	1.143128	1.144988
1.123387	1.125572	1.130703	1.137322	1.143128	1.144988	1.139072
1.125572	1.130703	1.137322	1.143128	1.144988	1.139072	1.121762
1.130703	1.137322	1.143128	1.144988	1.139072	1.121762	1.091658
1.137322	1.143128	1.144988	1.139072	1.121762	1.091658	1.050963
1.143128	1.144988	1.139072	1.121762	1.091658	1.050963	1.004313
1.144988	1.139072	1.121762	1.091658	1.050963	1.004313	0.956414
1.139072	1.121762	1.091658	1.050963	1.004313	0.956414	0.910743
1.121762	1.091658	1.050963	1.004313	0.956414	0.910743	0.869387
1.091658	1.050963	1.004313	0.956414	0.910743	0.869387	0.833268
1.050963	1.004313	0.956414	0.910743	0.869387	0.833268	0.802381
1.004313	0.956414	0.910743	0.869387	0.833268	0.802381	0.776007
0.956414	0.910743	0.869387	0.833268	0.802381	0.776007	0.752966
0.910743	0.869387	0.833268	0.802381	0.776007	0.752966	0.731924
0.869387	0.833268	0.802381	0.776007	0.752966	0.731924	0.711727
0.833268	0.802381	0.776007	0.752966	0.731924	0.711727	0.691683
0.802381	0.776007	0.752966	0.731924	0.711727	0.691683	0.671748
0.776007	0.752966	0.731924	0.711727	0.691683	0.671748	0.65264
0.752966	0.731924	0.711727	0.691683	0.671748	0.65264	0.635941
0.731924	0.711727	0.691683	0.671748	0.65264	0.635941	0.624249
0.711727	0.691683	0.671748	0.65264	0.635941	0.624249	0.621204
0.691683	0.671748	0.65264	0.635941	0.624249	0.621204	0.630916
0.671748	0.65264	0.635941	0.624249	0.621204	0.630916	0.656368
0.65264	0.635941	0.624249	0.621204	0.630916	0.656368	0.697366
0.635941	0.624249	0.621204	0.630916	0.656368	0.697366	0.749925
0.624249	0.621204	0.630916	0.656368	0.697366	0.749925	0.808058
0.621204	0.630916	0.656368	0.697366	0.749925	0.808058	0.866325
0.630916	0.656368	0.697366	0.749925	0.808058	0.866325	0.921143
0.656368	0.697366	0.749925	0.808058	0.866325	0.921143	0.970719
0.697366	0.749925	0.808058	0.866325	0.921143	0.970719	1.014423
0.749925	0.808058	0.866325	0.921143	0.970719	1.014423	1.052204
0.808058	0.866325	0.921143	0.970719	1.014423	1.052204	1.084218
0.866325	0.921143	0.970719	1.014423	1.052204	1.084218	1.110668
0.921143	0.970719	1.014423	1.052204	1.084218	1.110668	1.131784
0.970719	1.014423	1.052204	1.084218	1.110668	1.131784	1.147901
1.014423	1.052204	1.084218	1.110668	1.131784	1.147901	1.159582
1.052204	1.084218	1.110668	1.131784	1.147901	1.159582	1.167774
1.084218	1.110668	1.131784	1.147901	1.159582	1.167774	1.173954
1.110668	1.131784	1.147901	1.159582	1.167774	1.173954	1.180189
1.131784	1.147901	1.159582	1.167774	1.173954	1.180189	1.188916
1.147901	1.159582	1.167774	1.173954	1.180189	1.188916	1.202192
1.159582	1.167774	1.173954	1.180189	1.188916	1.202192	1.220445
1.167774	1.173954	1.180189	1.188916	1.202192	1.220445	1.241186
1.173954	1.180189	1.188916	1.202192	1.220445	1.241186	1.258763
1.180189	1.188916	1.202192	1.220445	1.241186	1.258763	1.266286
1.188916	1.202192	1.220445	1.241186	1.258763	1.266286	1.258944
1.202192	1.220445	1.241186	1.258763	1.266286	1.258944	1.235924
1.220445	1.241186	1.258763	1.266286	1.258944	1.235924	1.199665
1.241186	1.258763	1.266286	1.258944	1.235924	1.199665	1.153978
1.258763	1.266286	1.258944	1.235924	1.199665	1.153978	1.102639
1.266286	1.258944	1.235924	1.199665	1.153978	1.102639	1.048778
1.258944	1.235924	1.199665	1.153978	1.102639	1.048778	0.994755
1.235924	1.199665	1.153978	1.102639	1.048778	0.994755	0.942235
1.199665	1.153978	1.102639	1.048778	0.994755	0.942235	0.89228
1.153978	1.102639	1.048778	0.994755	0.942235	0.89228	0.845406
1.102639	1.048778	0.994755	0.942235	0.89228	0.845406	0.801591
1.048778	0.994755	0.942235	0.89228	0.845406	0.801591	0.76028
0.994755	0.942235	0.89228	0.845406	0.801591	0.76028	0.720531
0.942235	0.89228	0.845406	0.801591	0.76028	0.720531	0.681399
0.89228	0.845406	0.801591	0.76028	0.720531	0.681399	0.642465
0.845406	0.801591	0.76028	0.720531	0.681399	0.642465	0.604178
0.801591	0.76028	0.720531	0.681399	0.642465	0.604178	0.567762
0.76028	0.720531	0.681399	0.642465	0.604178	0.567762	0.534886
0.720531	0.681399	0.642465	0.604178	0.567762	0.534886	0.507477
0.681399	0.642465	0.604178	0.567762	0.534886	0.507477	0.487817
0.642465	0.604178	0.567762	0.534886	0.507477	0.487817	0.478731
0.604178	0.567762	0.534886	0.507477	0.487817	0.478731	0.483538
0.567762	0.534886	0.507477	0.487817	0.478731	0.483538	0.505308
0.534886	0.507477	0.487817	0.478731	0.483538	0.505308	0.54526
0.507477	0.487817	0.478731	0.483538	0.505308	0.54526	0.601152
0.487817	0.478731	0.483538	0.505308	0.54526	0.601152	0.667339
0.478731	0.483538	0.505308	0.54526	0.601152	0.667339	0.736852
0.483538	0.505308	0.54526	0.601152	0.667339	0.736852	0.803747
0.505308	0.54526	0.601152	0.667339	0.736852	0.803747	0.864109
0.54526	0.601152	0.667339	0.736852	0.803747	0.864109	0.915841
0.601152	0.667339	0.736852	0.803747	0.864109	0.915841	0.958028
0.667339	0.736852	0.803747	0.864109	0.915841	0.958028	0.990449
0.736852	0.803747	0.864109	0.915841	0.958028	0.990449	1.01337
0.803747	0.864109	0.915841	0.958028	0.990449	1.01337	1.027499
0.864109	0.915841	0.958028	0.990449	1.01337	1.027499	1.033953
0.915841	0.958028	0.990449	1.01337	1.027499	1.033953	1.034205
0.958028	0.990449	1.01337	1.027499	1.033953	1.034205	1.030058
0.990449	1.01337	1.027499	1.033953	1.034205	1.030058	1.023661
1.01337	1.027499	1.033953	1.034205	1.030058	1.023661	1.017569
1.027499	1.033953	1.034205	1.030058	1.023661	1.017569	1.014712
1.033953	1.034205	1.030058	1.023661	1.017569	1.014712	1.018122
1.034205	1.030058	1.023661	1.017569	1.014712	1.018122	1.030285
1.030058	1.023661	1.017569	1.014712	1.018122	1.030285	1.052185
1.023661	1.017569	1.014712	1.018122	1.030285	1.052185	1.082272
1.017569	1.014712	1.018122	1.030285	1.052185	1.082272	1.115781
1.014712	1.018122	1.030285	1.052185	1.082272	1.115781	1.145484
1.018122	1.030285	1.052185	1.082272	1.115781	1.145484	1.164577
1.030285	1.052185	1.082272	1.115781	1.145484	1.164577	1.169838
1.052185	1.082272	1.115781	1.145484	1.164577	1.169838	1.162239
1.082272	1.115781	1.145484	1.164577	1.169838	1.162239	1.145265
1.115781	1.145484	1.164577	1.169838	1.162239	1.145265	1.123018
1.145484	1.164577	1.169838	1.162239	1.145265	1.123018	1.099141
1.164577	1.169838	1.162239	1.145265	1.123018	1.099141	1.076439
1.169838	1.162239	1.145265	1.123018	1.099141	1.076439	1.056806
1.162239	1.145265	1.123018	1.099141	1.076439	1.056806	1.041191
1.145265	1.123018	1.099141	1.076439	1.056806	1.041191	1.029549
1.123018	1.099141	1.076439	1.056806	1.041191	1.029549	1.020763
1.099141	1.076439	1.056806	1.041191	1.029549	1.020763	1.012659
1.076439	1.056806	1.041191	1.029549	1.020763	1.012659	1.002189
1.056806	1.041191	1.029549	1.020763	1.012659	1.002189	0.985975
1.041191	1.029549	1.020763	1.012659	1.002189	0.985975	0.961373
1.029549	1.020763	1.012659	1.002189	0.985975	0.961373	0.927878
1.020763	1.012659	1.002189	0.985975	0.961373	0.927878	0.887701
1.012659	1.002189	0.985975	0.961373	0.927878	0.887701	0.844748
1.002189	0.985975	0.961373	0.927878	0.887701	0.844748	0.803028
0.985975	0.961373	0.927878	0.887701	0.844748	0.803028	0.765798
0.961373	0.927878	0.887701	0.844748	0.803028	0.765798	0.735436
0.927878	0.887701	0.844748	0.803028	0.765798	0.735436	0.713515
0.887701	0.844748	0.803028	0.765798	0.735436	0.713515	0.700766
0.844748	0.803028	0.765798	0.735436	0.713515	0.700766	0.696985
0.803028	0.765798	0.735436	0.713515	0.700766	0.696985	0.701059
0.765798	0.735436	0.713515	0.700766	0.696985	0.701059	0.711217
0.735436	0.713515	0.700766	0.696985	0.701059	0.711217	0.725485
0.713515	0.700766	0.696985	0.701059	0.711217	0.725485	0.742205
0.700766	0.696985	0.701059	0.711217	0.725485	0.742205	0.760487
0.696985	0.701059	0.711217	0.725485	0.742205	0.760487	0.780547
0.701059	0.711217	0.725485	0.742205	0.760487	0.780547	0.803796
0.711217	0.725485	0.742205	0.760487	0.780547	0.803796	0.832465
0.725485	0.742205	0.760487	0.780547	0.803796	0.832465	0.868391
0.742205	0.760487	0.780547	0.803796	0.832465	0.868391	0.911255
0.760487	0.780547	0.803796	0.832465	0.868391	0.911255	0.957877
0.780547	0.803796	0.832465	0.868391	0.911255	0.957877	1.003735
0.803796	0.832465	0.868391	0.911255	0.957877	1.003735	1.045223
0.832465	0.868391	0.911255	0.957877	1.003735	1.045223	1.080692
0.868391	0.911255	0.957877	1.003735	1.045223	1.080692	1.110207
0.911255	0.957877	1.003735	1.045223	1.080692	1.110207	1.134864
0.957877	1.003735	1.045223	1.080692	1.110207	1.134864	1.156158
1.003735	1.045223	1.080692	1.110207	1.134864	1.156158	1.175524
1.045223	1.080692	1.110207	1.134864	1.156158	1.175524	1.194054
1.080692	1.110207	1.134864	1.156158	1.175524	1.194054	1.212379
1.110207	1.134864	1.156158	1.175524	1.194054	1.212379	1.230695
1.134864	1.156158	1.175524	1.194054	1.212379	1.230695	1.248884
1.156158	1.175524	1.194054	1.212379	1.230695	1.248884	1.26664
1.175524	1.194054	1.212379	1.230695	1.248884	1.26664	1.28348
1.194054	1.212379	1.230695	1.248884	1.26664	1.28348	1.2985
1.212379	1.230695	1.248884	1.26664	1.28348	1.2985	1.309769
1.230695	1.248884	1.26664	1.28348	1.2985	1.309769	1.313696
1.248884	1.26664	1.28348	1.2985	1.309769	1.313696	1.30566
1.26664	1.28348	1.2985	1.309769	1.313696	1.30566	1.282615
1.28348	1.2985	1.309769	1.313696	1.30566	1.282615	1.245222
1.2985	1.309769	1.313696	1.30566	1.282615	1.245222	1.19702
1.309769	1.313696	1.30566	1.282615	1.245222	1.19702	1.142193
1.313696	1.30566	1.282615	1.245222	1.19702	1.142193	1.084148
1.30566	1.282615	1.245222	1.19702	1.142193	1.084148	1.025192
1.282615	1.245222	1.19702	1.142193	1.084148	1.025192	0.966703
1.245222	1.19702	1.142193	1.084148	1.025192	0.966703	0.909441
1.19702	1.142193	1.084148	1.025192	0.966703	0.909441	0.853817
1.142193	1.084148	1.025192	0.966703	0.909441	0.853817	0.800079
1.084148	1.025192	0.966703	0.909441	0.853817	0.800079	0.748416
1.025192	0.966703	0.909441	0.853817	0.800079	0.748416	0.698999
0.966703	0.909441	0.853817	0.800079	0.748416	0.698999	0.651991
0.909441	0.853817	0.800079	0.748416	0.698999	0.651991	0.607558
0.853817	0.800079	0.748416	0.698999	0.651991	0.607558	0.565929
0.800079	0.748416	0.698999	0.651991	0.607558	0.565929	0.527497
0.748416	0.698999	0.651991	0.607558	0.565929	0.527497	0.492962
0.698999	0.651991	0.607558	0.565929	0.527497	0.492962	0.463451
0.651991	0.607558	0.565929	0.527497	0.492962	0.463451	0.440647
0.607558	0.565929	0.527497	0.492962	0.463451	0.440647	0.426956
0.565929	0.527497	0.492962	0.463451	0.440647	0.426956	0.425606
0.527497	0.492962	0.463451	0.440647	0.426956	0.425606	0.44032
0.492962	0.463451	0.440647	0.426956	0.425606	0.44032	0.474057
0.463451	0.440647	0.426956	0.425606	0.44032	0.474057	0.526868
0.440647	0.426956	0.425606	0.44032	0.474057	0.526868	0.594386
0.426956	0.425606	0.44032	0.474057	0.526868	0.594386	0.668819
0.425606	0.44032	0.474057	0.526868	0.594386	0.668819	0.741983
0.44032	0.474057	0.526868	0.594386	0.668819	0.741983	0.807811
0.474057	0.526868	0.594386	0.668819	0.741983	0.807811	0.863005
0.526868	0.594386	0.668819	0.741983	0.807811	0.863005	0.906455
0.594386	0.668819	0.741983	0.807811	0.863005	0.906455	0.938388
0.668819	0.741983	0.807811	0.863005	0.906455	0.938388	0.95973
0.741983	0.807811	0.863005	0.906455	0.938388	0.95973	0.971732
0.807811	0.863005	0.906455	0.938388	0.95973	0.971732	0.975805
0.863005	0.906455	0.938388	0.95973	0.971732	0.975805	0.973487
0.906455	0.938388	0.95973	0.971732	0.975805	0.973487	0.96648
0.938388	0.95973	0.971732	0.975805	0.973487	0.96648	0.956735
0.95973	0.971732	0.975805	0.973487	0.96648	0.956735	0.94657
0.971732	0.975805	0.973487	0.96648	0.956735	0.94657	0.938761
0.975805	0.973487	0.96648	0.956735	0.94657	0.938761	0.936469
0.973487	0.96648	0.956735	0.94657	0.938761	0.936469	0.942809
0.96648	0.956735	0.94657	0.938761	0.936469	0.942809	0.959995
0.956735	0.94657	0.938761	0.936469	0.942809	0.959995	0.988265
0.94657	0.938761	0.936469	0.942809	0.959995	0.988265	1.02491
0.938761	0.936469	0.942809	0.959995	0.988265	1.02491	1.064101
0.936469	0.942809	0.959995	0.988265	1.02491	1.064101	1.098665
0.942809	0.959995	0.988265	1.02491	1.064101	1.098665	1.123405
0.959995	0.988265	1.02491	1.064101	1.098665	1.123405	1.13706
0.988265	1.02491	1.064101	1.098665	1.123405	1.13706	1.141552
1.02491	1.064101	1.098665	1.123405	1.13706	1.141552	1.140181
1.064101	1.098665	1.123405	1.13706	1.141552	1.140181	1.136291
1.098665	1.123405	1.13706	1.141552	1.140181	1.136291	1.132636
1.123405	1.13706	1.141552	1.140181	1.136291	1.132636	1.131148
1.13706	1.141552	1.140181	1.136291	1.132636	1.131148	1.132844
1.141552	1.140181	1.136291	1.132636	1.131148	1.132844	1.137804
1.140181	1.136291	1.132636	1.131148	1.132844	1.137804	1.145212
1.136291	1.132636	1.131148	1.132844	1.137804	1.145212	1.153459
1.132636	1.131148	1.132844	1.137804	1.145212	1.153459	1.160217
1.131148	1.132844	1.137804	1.145212	1.153459	1.160217	1.162401
1.132844	1.137804	1.145212	1.153459	1.160217	1.162401	1.156239
1.137804	1.145212	1.153459	1.160217	1.162401	1.156239	1.138207
1.145212	1.153459	1.160217	1.162401	1.156239	1.138207	1.107121
1.153459	1.160217	1.162401	1.156239	1.138207	1.107121	1.065472
1.160217	1.162401	1.156239	1.138207	1.107121	1.065472	1.018065
1.162401	1.156239	1.138207	1.107121	1.065472	1.018065	0.969583
1.156239	1.138207	1.107121	1.065472	1.018065	0.969583	0.923356
1.138207	1.107121	1.065472	1.018065	0.969583	0.923356	0.881269
1.107121	1.065472	1.018065	0.969583	0.923356	0.881269	0.844032
1.065472	1.018065	0.969583	0.923356	0.881269	0.844032	0.811458
1.018065	0.969583	0.923356	0.881269	0.844032	0.811458	0.782721
0.969583	0.923356	0.881269	0.844032	0.811458	0.782721	0.756648
0.923356	0.881269	0.844032	0.811458	0.782721	0.756648	0.732041
0.881269	0.844032	0.811458	0.782721	0.756648	0.732041	0.707977
0.844032	0.811458	0.782721	0.756648	0.732041	0.707977	0.684032
0.811458	0.782721	0.756648	0.732041	0.707977	0.684032	0.660379
0.782721	0.756648	0.732041	0.707977	0.684032	0.660379	0.637844
0.756648	0.732041	0.707977	0.684032	0.660379	0.637844	0.617994
0.732041	0.707977	0.684032	0.660379	0.637844	0.617994	0.603317
0.707977	0.684032	0.660379	0.637844	0.617994	0.603317	0.597306
0.684032	0.660379	0.637844	0.617994	0.603317	0.597306	0.604023
0.660379	0.637844	0.617994	0.603317	0.597306	0.604023	0.626663
0.637844	0.617994	0.603317	0.597306	0.604023	0.626663	0.665554
0.617994	0.603317	0.597306	0.604023	0.626663	0.665554	0.717249
0.603317	0.597306	0.604023	0.626663	0.665554	0.717249	0.775948
0.597306	0.604023	0.626663	0.665554	0.717249	0.775948	0.835981
0.604023	0.626663	0.665554	0.717249	0.775948	0.835981	0.893317
0.626663	0.665554	0.717249	0.775948	0.835981	0.893317	0.945695
0.665554	0.717249	0.775948	0.835981	0.893317	0.945695	0.992089
0.717249	0.775948	0.835981	0.893317	0.945695	0.992089	1.032149
0.775948	0.835981	0.893317	0.945695	0.992089	1.032149	1.065827
0.835981	0.893317	0.945695	0.992089	1.032149	1.065827	1.093216
0.893317	0.945695	0.992089	1.032149	1.065827	1.093216	1.114525
0.945695	0.992089	1.032149	1.065827	1.093216	1.114525	1.13014
0.992089	1.032149	1.065827	1.093216	1.114525	1.13014	1.140719
1.032149	1.065827	1.093216	1.114525	1.13014	1.140719	1.147307
1.065827	1.093216	1.114525	1.13014	1.140719	1.147307	1.151472
1.093216	1.114525	1.13014	1.140719	1.147307	1.151472	1.155376
1.114525	1.13014	1.140719	1.147307	1.151472	1.155376	1.161622
1.13014	1.140719	1.147307	1.151472	1.155376	1.161622	1.172652
1.140719	1.147307	1.151472	1.155376	1.161622	1.172652	1.189671
1.147307	1.151472	1.155376	1.161622	1.172652	1.189671	1.211384
1.151472	1.155376	1.161622	1.172652	1.189671	1.211384	1.233268
1.155376	1.161622	1.172652	1.189671	1.211384	1.233268	1.248462
1.161622	1.172652	1.189671	1.211384	1.233268	1.248462	1.250668
1.172652	1.189671	1.211384	1.233268	1.248462	1.250668	1.237057
1.189671	1.211384	1.233268	1.248462	1.250668	1.237057	1.208749
1.211384	1.233268	1.248462	1.250668	1.237057	1.208749	1.169213
1.233268	1.248462	1.250668	1.237057	1.208749	1.169213	1.122479
1.248462	1.250668	1.237057	1.208749	1.169213	1.122479	1.072115
1.250668	1.237057	1.208749	1.169213	1.122479	1.072115	1.020906
1.237057	1.208749	1.169213	1.122479	1.072115	1.020906	0.970856
1.208749	1.169213	1.122479	1.072115	1.020906	0.970856	0.923279
1.169213	1.122479	1.072115	1.020906	0.970856	0.923279	0.878864
1.122479	1.072115	1.020906	0.970856	0.923279	0.878864	0.837673
1.072115	1.020906	0.970856	0.923279	0.878864	0.837673	0.799122
1.020906	0.970856	0.923279	0.878864	0.837673	0.799122	0.762077
0.970856	0.923279	0.878864	0.837673	0.799122	0.762077	0.725223
0.923279	0.878864	0.837673	0.799122	0.762077	0.725223	0.68768
0.878864	0.837673	0.799122	0.762077	0.725223	0.68768	0.649539
0.837673	0.799122	0.762077	0.725223	0.68768	0.649539	0.611928
0.799122	0.762077	0.725223	0.68768	0.649539	0.611928	0.576625
0.762077	0.725223	0.68768	0.649539	0.611928	0.576625	0.545677
0.725223	0.68768	0.649539	0.611928	0.576625	0.545677	0.521332
0.68768	0.649539	0.611928	0.576625	0.545677	0.521332	0.506185
0.649539	0.611928	0.576625	0.545677	0.521332	0.506185	0.503249
0.611928	0.576625	0.545677	0.521332	0.506185	0.503249	0.515553
0.576625	0.545677	0.521332	0.506185	0.503249	0.515553	0.545016
0.545677	0.521332	0.506185	0.503249	0.515553	0.545016	0.590971
0.521332	0.506185	0.503249	0.515553	0.545016	0.590971	0.649578
0.506185	0.503249	0.515553	0.545016	0.590971	0.649578	0.714975
0.503249	0.515553	0.545016	0.590971	0.649578	0.714975	0.781321
0.515553	0.545016	0.590971	0.649578	0.714975	0.781321	0.844174
0.545016	0.590971	0.649578	0.714975	0.781321	0.844174	0.900712
0.590971	0.649578	0.714975	0.781321	0.844174	0.900712	0.949309
0.649578	0.714975	0.781321	0.844174	0.900712	0.949309	0.989066
0.714975	0.781321	0.844174	0.900712	0.949309	0.989066	1.019593
0.781321	0.844174	0.900712	0.949309	0.989066	1.019593	1.041016
0.844174	0.900712	0.949309	0.989066	1.019593	1.041016	1.054012
0.900712	0.949309	0.989066	1.019593	1.041016	1.054012	1.059763
0.949309	0.989066	1.019593	1.041016	1.054012	1.059763	1.059877
0.989066	1.019593	1.041016	1.054012	1.059763	1.059877	1.056343
1.019593	1.041016	1.054012	1.059763	1.059877	1.056343	1.05153
1.041016	1.054012	1.059763	1.059877	1.056343	1.05153	1.048181
1.054012	1.059763	1.059877	1.056343	1.05153	1.048181	1.049234
1.059763	1.059877	1.056343	1.05153	1.048181	1.049234	1.057364
1.059877	1.056343	1.05153	1.048181	1.049234	1.057364	1.074217
1.056343	1.05153	1.048181	1.049234	1.057364	1.074217	1.099463
1.05153	1.048181	1.049234	1.057364	1.074217	1.099463	1.129911
1.048181	1.049234	1.057364	1.074217	1.099463	1.129911	1.159358
1.049234	1.057364	1.074217	1.099463	1.129911	1.159358	1.180342
1.057364	1.074217	1.099463	1.129911	1.159358	1.180342	1.187519
1.074217	1.099463	1.129911	1.159358	1.180342	1.187519	1.179893
1.099463	1.129911	1.159358	1.180342	1.187519	1.179893	1.160138
1.129911	1.159358	1.180342	1.187519	1.179893	1.160138	1.1325
1.159358	1.180342	1.187519	1.179893	1.160138	1.1325	1.101156
1.180342	1.187519	1.179893	1.160138	1.1325	1.101156	1.069486
1.187519	1.179893	1.160138	1.1325	1.101156	1.069486	1.039921
1.179893	1.160138	1.1325	1.101156	1.069486	1.039921	1.013946
1.160138	1.1325	1.101156	1.069486	1.039921	1.013946	0.992104
1.1325	1.101156	1.069486	1.039921	1.013946	0.992104	0.973929
1.101156	1.069486	1.039921	1.013946	0.992104	0.973929	0.957909
1.069486	1.039921	1.013946	0.992104	0.973929	0.957909	0.941608
1.039921	1.013946	0.992104	0.973929	0.957909	0.941608	0.922086
1.013946	0.992104	0.973929	0.957909	0.941608	0.922086	0.896761
0.992104	0.973929	0.957909	0.941608	0.922086	0.896761	0.86454
0.973929	0.957909	0.941608	0.922086	0.896761	0.86454	0.826563
0.957909	0.941608	0.922086	0.896761	0.86454	0.826563	0.785791
0.941608	0.922086	0.896761	0.86454	0.826563	0.785791	0.745799
0.922086	0.896761	0.86454	0.826563	0.785791	0.745799	0.709874
0.896761	0.86454	0.826563	0.785791	0.745799	0.709874	0.680764
0.86454	0.826563	0.785791	0.745799	0.709874	0.680764	0.660696
0.826563	0.785791	0.745799	0.709874	0.680764	0.660696	0.651282
0.785791	0.745799	0.709874	0.680764	0.660696	0.651282	0.653232
0.745799	0.709874	0.680764	0.660696	0.651282	0.653232	0.666083
0.709874	0.680764	0.660696	0.651282	0.653232	0.666083	0.688225
0.680764	0.660696	0.651282	0.653232	0.666083	0.688225	0.717346
0.660696	0.651282	0.653232	0.666083	0.688225	0.717346	0.751092
0.651282	0.653232	0.666083	0.688225	0.717346	0.751092	0.787658
0.653232	0.666083	0.688225	0.717346	0.751092	0.787658	0.826121
0.666083	0.688225	0.717346	0.751092	0.787658	0.826121	0.86643
0.688225	0.717346	0.751092	0.787658	0.826121	0.86643	0.908937
0.717346	0.751092	0.787658	0.826121	0.86643	0.908937	0.953453
0.751092	0.787658	0.826121	0.86643	0.908937	0.953453	0.998343
0.787658	0.826121	0.86643	0.908937	0.953453	0.998343	1.040707
0.826121	0.86643	0.908937	0.953453	0.998343	1.040707	1.07771
0.86643	0.908937	0.953453	0.998343	1.040707	1.07771	1.107795
0.908937	0.953453	0.998343	1.040707	1.07771	1.107795	1.130955
0.953453	0.998343	1.040707	1.07771	1.107795	1.130955	1.148364
0.998343	1.040707	1.07771	1.107795	1.130955	1.148364	1.161881
1.040707	1.07771	1.107795	1.130955	1.148364	1.161881	1.173615
1.07771	1.107795	1.130955	1.148364	1.161881	1.173615	1.185533
1.107795	1.130955	1.148364	1.161881	1.173615	1.185533	1.199113
1.130955	1.148364	1.161881	1.173615	1.185533	1.199113	1.215074
1.148364	1.161881	1.173615	1.185533	1.199113	1.215074	1.233217
1.161881	1.173615	1.185533	1.199113	1.215074	1.233217	1.252395
1.173615	1.185533	1.199113	1.215074	1.233217	1.252395	1.270558
1.185533	1.199113	1.215074	1.233217	1.252395	1.270558	1.284811
1.199113	1.215074	1.233217	1.252395	1.270558	1.284811	1.291496
1.215074	1.233217	1.252395	1.270558	1.284811	1.291496	1.286632
1.233217	1.252395	1.270558	1.284811	1.291496	1.286632	1.267273
1.252395	1.270558	1.284811	1.291496	1.286632	1.267273	1.233267
1.270558	1.284811	1.291496	1.286632	1.267273	1.233267	1.18754
1.284811	1.291496	1.286632	1.267273	1.233267	1.18754	1.134458
1.291496	1.286632	1.267273	1.233267	1.18754	1.134458	1.078063
1.286632	1.267273	1.233267	1.18754	1.134458	1.078063	1.021283
1.267273	1.233267	1.18754	1.134458	1.078063	1.021283	0.965883
1.233267	1.18754	1.134458	1.078063	1.021283	0.965883	0.912684
1.18754	1.134458	1.078063	1.021283	0.965883	0.912684	0.861823
1.134458	1.078063	1.021283	0.965883	0.912684	0.861823	0.813029
1.078063	1.021283	0.965883	0.912684	0.861823	0.813029	0.765889
1.021283	0.965883	0.912684	0.861823	0.813029	0.765889	0.72009
0.965883	0.912684	0.861823	0.813029	0.765889	0.72009	0.675568
0.912684	0.861823	0.813029	0.765889	0.72009	0.675568	0.632548
0.861823	0.813029	0.765889	0.72009	0.675568	0.632548	0.591509
0.813029	0.765889	0.72009	0.675568	0.632548	0.591509	0.553138
0.765889	0.72009	0.675568	0.632548	0.591509	0.553138	0.518356
0.72009	0.675568	0.632548	0.591509	0.553138	0.518356	0.488427
0.675568	0.632548	0.591509	0.553138	0.518356	0.488427	0.46515
0.632548	0.591509	0.553138	0.518356	0.488427	0.46515	0.451069
0.591509	0.553138	0.518356	0.488427	0.46515	0.451069	0.449518
0.553138	0.518356	0.488427	0.46515	0.451069	0.449518	0.464138
0.518356	0.488427	0.46515	0.451069	0.449518	0.464138	0.497449
0.488427	0.46515	0.451069	0.449518	0.464138	0.497449	0.548889
0.46515	0.451069	0.449518	0.464138	0.497449	0.548889	0.613937
0.451069	0.449518	0.464138	0.497449	0.548889	0.613937	0.685516
0.449518	0.464138	0.497449	0.548889	0.613937	0.685516	0.756539
0.464138	0.497449	0.548889	0.613937	0.685516	0.756539	0.821649
0.497449	0.548889	0.613937	0.685516	0.756539	0.821649	0.877611
0.548889	0.613937	0.685516	0.756539	0.821649	0.877611	0.922941
0.613937	0.685516	0.756539	0.821649	0.877611	0.922941	0.957377
0.685516	0.756539	0.821649	0.877611	0.922941	0.957377	0.981433
0.756539	0.821649	0.877611	0.922941	0.957377	0.981433	0.996094
0.821649	0.877611	0.922941	0.957377	0.981433	0.996094	1.002626
0.877611	0.922941	0.957377	0.981433	0.996094	1.002626	1.002505
0.922941	0.957377	0.981433	0.996094	1.002626	1.002505	0.997416
0.957377	0.981433	0.996094	1.002626	1.002505	0.997416	0.989331
0.981433	0.996094	1.002626	1.002505	0.997416	0.989331	0.980616
0.996094	1.002626	1.002505	0.997416	0.989331	0.980616	0.974093
1.002626	1.002505	0.997416	0.989331	0.980616	0.974093	0.972911
1.002505	0.997416	0.989331	0.980616	0.974093	0.972911	0.980045
0.997416	0.989331	0.980616	0.974093	0.972911	0.980045	0.997456
0.989331	0.980616	0.974093	0.972911	0.980045	0.997456	1.025106
0.980616	0.974093	0.972911	0.980045	0.997456	1.025106	1.060061
0.974093	0.972911	0.980045	0.997456	1.025106	1.060061	1.096296
0.972911	0.980045	0.997456	1.025106	1.060061	1.096296	1.126435
0.980045	0.997456	1.025106	1.060061	1.096296	1.126435	1.145185
0.997456	1.025106	1.060061	1.096296	1.126435	1.145185	1.151448
1.025106	1.060061	1.096296	1.126435	1.145185	1.151448	1.147526
1.060061	1.096296	1.126435	1.145185	1.151448	1.147526	1.137132
1.096296	1.126435	1.145185	1.151448	1.147526	1.137132	1.123948
1.126435	1.145185	1.151448	1.147526	1.137132	1.123948	1.110994
1.145185	1.151448	1.147526	1.137132	1.123948	1.110994	1.100433
1.151448	1.147526	1.137132	1.123948	1.110994	1.100433	1.093503
1.147526	1.137132	1.123948	1.110994	1.100433	1.093503	1.090464
1.137132	1.123948	1.110994	1.100433	1.093503	1.090464	1.090554
1.123948	1.110994	1.100433	1.093503	1.090464	1.090554	1.092009
1.110994	1.100433	1.093503	1.090464	1.090554	1.092009	1.092154
1.100433	1.093503	1.090464	1.090554	1.092009	1.092154	1.08757
1.093503	1.090464	1.090554	1.092009	1.092154	1.08757	1.074588
1.090464	1.090554	1.092009	1.092154	1.08757	1.074588	1.050551
1.090554	1.092009	1.092154	1.08757	1.074588	1.050551	1.01553
1.092009	1.092154	1.08757	1.074588	1.050551	1.01553	0.972735
1.092154	1.08757	1.074588	1.050551	1.01553	0.972735	0.926852
1.08757	1.074588	1.050551	1.01553	0.972735	0.926852	0.882125
1.074588	1.050551	1.01553	0.972735	0.926852	0.882125	0.841574
1.050551	1.01553	0.972735	0.926852	0.882125	0.841574	0.807007
1.01553	0.972735	0.926852	0.882125	0.841574	0.807007	0.779199
0.972735	0.926852	0.882125	0.841574	0.807007	0.779199	0.758018
0.926852	0.882125	0.841574	0.807007	0.779199	0.758018	0.742566
0.882125	0.841574	0.807007	0.779199	0.758018	0.742566	0.731406
0.841574	0.807007	0.779199	0.758018	0.742566	0.731406	0.7229
0.807007	0.779199	0.758018	0.742566	0.731406	0.7229	0.715607
0.779199	0.758018	0.742566	0.731406	0.7229	0.715607	0.708656
0.758018	0.742566	0.731406	0.7229	0.715607	0.708656	0.702035
0.742566	0.731406	0.7229	0.715607	0.708656	0.702035	0.696789
0.731406	0.7229	0.715607	0.708656	0.702035	0.696789	0.695155
0.7229	0.715607	0.708656	0.702035	0.696789	0.695155	0.700526
0.715607	0.708656	0.702035	0.696789	0.695155	0.700526	0.716816
0.708656	0.702035	0.696789	0.695155	0.700526	0.716816	0.746707
0.702035	0.696789	0.695155	0.700526	0.716816	0.746707	0.789509
0.696789	0.695155	0.700526	0.716816	0.746707	0.789509	0.840822
0.695155	0.700526	0.716816	0.746707	0.789509	0.840822	0.894785
0.700526	0.716816	0.746707	0.789509	0.840822	0.894785	0.946675
0.716816	0.746707	0.789509	0.840822	0.894785	0.946675	0.993905
0.746707	0.789509	0.840822	0.894785	0.946675	0.993905	1.035658
0.789509	0.840822	0.894785	0.946675	0.993905	1.035658	1.072137
0.840822	0.894785	0.946675	0.993905	1.035658	1.072137	1.103946
0.894785	0.946675	0.993905	1.035658	1.072137	1.103946	1.13172
0.946675	0.993905	1.035658	1.072137	1.103946	1.13172	1.155965
0.993905	1.035658	1.072137	1.103946	1.13172	1.155965	1.177045
1.035658	1.072137	1.103946	1.13172	1.155965	1.177045	1.19525
1.072137	1.103946	1.13172	1.155965	1.177045	1.19525	1.210928
1.103946	1.13172	1.155965	1.177045	1.19525	1.210928	1.224643
1.13172	1.155965	1.177045	1.19525	1.210928	1.224643	1.23732
1.155965	1.177045	1.19525	1.210928	1.224643	1.23732	1.250254
1.177045	1.19525	1.210928	1.224643	1.23732	1.250254	1.264696
1.19525	1.210928	1.224643	1.23732	1.250254	1.264696	1.280754
1.210928	1.224643	1.23732	1.250254	1.264696	1.280754	1.295926
1.224643	1.23732	1.250254	1.264696	1.280754	1.295926	1.304798
1.23732	1.250254	1.264696	1.280754	1.295926	1.304798	1.30136
1.250254	1.264696	1.280754	1.295926	1.304798	1.30136	1.282431
1.264696	1.280754	1.295926	1.304798	1.30136	1.282431	1.248773
1.280754	1.295926	1.304798	1.30136	1.282431	1.248773	1.203585
1.295926	1.304798	1.30136	1.282431	1.248773	1.203585	1.150617
1.304798	1.30136	1.282431	1.248773	1.203585	1.150617	1.093152
1.30136	1.282431	1.248773	1.203585	1.150617	1.093152	1.033733
1.282431	1.248773	1.203585	1.150617	1.093152	1.033733	0.974216
1.248773	1.203585	1.150617	1.093152	1.033733	0.974216	0.915907
1.203585	1.150617	1.093152	1.033733	0.974216	0.915907	0.859682
1.150617	1.093152	1.033733	0.974216	0.915907	0.859682	0.806072
1.093152	1.033733	0.974216	0.915907	0.859682	0.806072	0.755304
1.033733	0.974216	0.915907	0.859682	0.806072	0.755304	0.707338
0.974216	0.915907	0.859682	0.806072	0.755304	0.707338	0.661923
0.915907	0.859682	0.806072	0.755304	0.707338	0.661923	0.618766
0.859682	0.806072	0.755304	0.707338	0.661923	0.618766	0.57779
0.806072	0.755304	0.707338	0.661923	0.618766	0.57779	0.539365
0.755304	0.707338	0.661923	0.618766	0.57779	0.539365	0.50434
0.707338	0.661923	0.618766	0.57779	0.539365	0.50434	0.473962
0.661923	0.618766	0.57779	0.539365	0.50434	0.473962	0.449885
0.618766	0.57779	0.539365	0.50434	0.473962	0.449885	0.43436
0.57779	0.539365	0.50434	0.473962	0.449885	0.43436	0.43046
0.539365	0.50434	0.473962	0.449885	0.43436	0.43046	0.441959
0.50434	0.473962	0.449885	0.43436	0.43046	0.441959	0.472278
0.473962	0.449885	0.43436	0.43046	0.441959	0.472278	0.522256
0.449885	0.43436	0.43046	0.441959	0.472278	0.522256	0.588109
0.43436	0.43046	0.441959	0.472278	0.522256	0.588109	0.662049
0.43046	0.441959	0.472278	0.522256	0.588109	0.662049	0.735564
0.441959	0.472278	0.522256	0.588109	0.662049	0.735564	0.80232
0.472278	0.522256	0.588109	0.662049	0.735564	0.80232	0.858901
0.522256	0.588109	0.662049	0.735564	0.80232	0.858901	0.904119
0.588109	0.662049	0.735564	0.80232	0.858901	0.904119	0.938081
0.662049	0.735564	0.80232	0.858901	0.904119	0.938081	0.961541
0.735564	0.80232	0.858901	0.904119	0.938081	0.961541	0.975573
0.80232	0.858901	0.904119	0.938081	0.961541	0.975573	0.981463
0.858901	0.904119	0.938081	0.961541	0.975573	0.981463	0.98067
0.904119	0.938081	0.961541	0.975573	0.981463	0.98067	0.974844
0.938081	0.961541	0.975573	0.981463	0.98067	0.974844	0.965872
0.961541	0.975573	0.981463	0.98067	0.974844	0.965872	0.955985
0.975573	0.981463	0.98067	0.974844	0.965872	0.955985	0.947869
0.981463	0.98067	0.974844	0.965872	0.955985	0.947869	0.944657
0.98067	0.974844	0.965872	0.955985	0.947869	0.944657	0.949571
0.974844	0.965872	0.955985	0.947869	0.944657	0.949571	0.965078
0.965872	0.955985	0.947869	0.944657	0.949571	0.965078	0.991748
0.955985	0.947869	0.944657	0.949571	0.965078	0.991748	1.027218
0.947869	0.944657	0.949571	0.965078	0.991748	1.027218	1.065921
0.944657	0.949571	0.965078	0.991748	1.027218	1.065921	1.100647
0.949571	0.965078	0.991748	1.027218	1.065921	1.100647	1.125785
0.965078	0.991748	1.027218	1.065921	1.100647	1.125785	1.139541
0.991748	1.027218	1.065921	1.100647	1.125785	1.139541	1.143502
1.027218	1.065921	1.100647	1.125785	1.139541	1.143502	1.140898
1.065921	1.100647	1.125785	1.139541	1.143502	1.140898	1.135167
1.100647	1.125785	1.139541	1.143502	1.140898	1.135167	1.129238
1.125785	1.139541	1.143502	1.140898	1.135167	1.129238	1.125241
1.139541	1.143502	1.140898	1.135167	1.129238	1.125241	1.124412
1.143502	1.140898	1.135167	1.129238	1.125241	1.124412	1.127041
1.140898	1.135167	1.129238	1.125241	1.124412	1.127041	1.132491
1.135167	1.129238	1.125241	1.124412	1.127041	1.132491	1.139256
1.129238	1.125241	1.124412	1.127041	1.132491	1.139256	1.145032
1.125241	1.124412	1.127041	1.132491	1.139256	1.145032	1.146719
1.124412	1.127041	1.132491	1.139256	1.145032	1.146719	1.140542
1.127041	1.132491	1.139256	1.145032	1.146719	1.140542	1.122941
1.132491	1.139256	1.145032	1.146719	1.140542	1.122941	1.092564
1.139256	1.145032	1.146719	1.140542	1.122941	1.092564	1.051655
1.145032	1.146719	1.140542	1.122941	1.092564	1.051655	1.004876
1.146719	1.140542	1.122941	1.092564	1.051655	1.004876	0.956938
1.140542	1.122941	1.092564	1.051655	1.004876	0.956938	0.911294
1.122941	1.092564	1.051655	1.004876	0.956938	0.911294	0.869992
1.092564	1.051655	1.004876	0.956938	0.911294	0.869992	0.833904
1.051655	1.004876	0.956938	0.911294	0.869992	0.833904	0.802975
1.004876	0.956938	0.911294	0.869992	0.833904	0.802975	0.776445
0.956938	0.911294	0.869992	0.833904	0.802975	0.776445	0.75312
0.911294	0.869992	0.833904	0.802975	0.776445	0.75312	0.731683
0.869992	0.833904	0.802975	0.776445	0.75312	0.731683	0.711024
0.833904	0.802975	0.776445	0.75312	0.731683	0.711024	0.690511
0.802975	0.776445	0.75312	0.731683	0.711024	0.690511	0.670155
0.776445	0.75312	0.731683	0.711024	0.690511	0.670155	0.650707
0.75312	0.731683	0.711024	0.690511	0.670155	0.650707	0.633757
0.731683	0.711024	0.690511	0.670155	0.650707	0.633757	0.621894
0.711024	0.690511	0.670155	0.650707	0.633757	0.621894	0.618745
0.690511	0.670155	0.650707	0.633757	0.621894	0.618745	0.628412
0.670155	0.650707	0.633757	0.621894	0.618745	0.628412	0.653867
0.650707	0.633757	0.621894	0.618745	0.628412	0.653867	0.69491
0.633757	0.621894	0.618745	0.628412	0.653867	0.69491	0.747548
0.621894	0.618745	0.628412	0.653867	0.69491	0.747548	0.805795
0.618745	0.628412	0.653867	0.69491	0.747548	0.805795	0.864214
0.628412	0.653867	0.69491	0.747548	0.805795	0.864214	0.919217
0.653867	0.69491	0.747548	0.805795	0.864214	0.919217	0.968989
0.69491	0.747548	0.805795	0.864214	0.919217	0.968989	1.012876
0.747548	0.805795	0.864214	0.919217	0.968989	1.012876	1.050798
0.805795	0.864214	0.919217	0.968989	1.012876	1.050798	1.082888
0.864214	0.919217	0.968989	1.012876	1.050798	1.082888	1.109334
0.919217	0.968989	1.012876	1.050798	1.082888	1.109334	1.130368
0.968989	1.012876	1.050798	1.082888	1.109334	1.130368	1.146335
1.012876	1.050798	1.082888	1.109334	1.130368	1.146335	1.157821
1.050798	1.082888	1.109334	1.130368	1.146335	1.157821	1.16579
1.082888	1.109334	1.130368	1.146335	1.157821	1.16579	1.17174
1.109334	1.130368	1.146335	1.157821	1.16579	1.17174	1.177759
1.130368	1.146335	1.157821	1.16579	1.17174	1.177759	1.186302
1.146335	1.157821	1.16579	1.17174	1.177759	1.186302	1.199457
1.157821	1.16579	1.17174	1.177759	1.186302	1.199457	1.217701
1.16579	1.17174	1.177759	1.186302	1.199457	1.217701	1.238616
1.17174	1.177759	1.186302	1.199457	1.217701	1.238616	1.25661
1.177759	1.186302	1.199457	1.217701	1.238616	1.25661	1.264766
1.186302	1.199457	1.217701	1.238616	1.25661	1.264766	1.258152
1.199457	1.217701	1.238616	1.25661	1.264766	1.258152	1.235818
1.217701	1.238616	1.25661	1.264766	1.258152	1.235818	1.200128
1.238616	1.25661	1.264766	1.258152	1.235818	1.200128	1.154887
1.25661	1.264766	1.258152	1.235818	1.200128	1.154887	1.1039
1.264766	1.258152	1.235818	1.200128	1.154887	1.1039	1.050333
1.258152	1.235818	1.200128	1.154887	1.1039	1.050333	0.996577
1.235818	1.200128	1.154887	1.1039	1.050333	0.996577	0.944317
1.200128	1.154887	1.1039	1.050333	0.996577	0.944317	0.894628
1.154887	1.1039	1.050333	0.996577	0.944317	0.894628	0.848034
1.1039	1.050333	0.996577	0.944317	0.894628	0.848034	0.804508
1.050333	0.996577	0.944317	0.894628	0.848034	0.804508	0.763481
0.996577	0.944317	0.894628	0.848034	0.804508	0.763481	0.723987
0.944317	0.894628	0.848034	0.804508	0.763481	0.723987	0.685046
0.894628	0.848034	0.804508	0.763481	0.723987	0.685046	0.646212
0.848034	0.804508	0.763481	0.723987	0.685046	0.646212	0.607917
0.804508	0.763481	0.723987	0.685046	0.646212	0.607917	0.571394
0.763481	0.723987	0.685046	0.646212	0.607917	0.571394	0.538323
0.723987	0.685046	0.646212	0.607917	0.571394	0.538323	0.510647
0.685046	0.646212	0.607917	0.571394	0.538323	0.510647	0.490642
0.646212	0.607917	0.571394	0.538323	0.510647	0.490642	0.481118
0.607917	0.571394	0.538323	0.510647	0.490642	0.481118	0.485367
0.571394	0.538323	0.510647	0.490642	0.481118	0.485367	0.506452
0.538323	0.510647	0.490642	0.481118	0.485367	0.506452	0.545643
0.510647	0.490642	0.481118	0.485367	0.506452	0.545643	0.600816
0.490642	0.481118	0.485367	0.506452	0.545643	0.600816	0.666462
0.481118	0.485367	0.506452	0.545643	0.600816	0.666462	0.735702
0.485367	0.506452	0.545643	0.600816	0.666462	0.735702	0.802596
0.506452	0.545643	0.600816	0.666462	0.735702	0.802596	0.863192
0.545643	0.600816	0.666462	0.735702	0.802596	0.863192	0.915333
0.600816	0.666462	0.735702	0.802596	0.863192	0.915333	0.958045
0.666462	0.735702	0.802596	0.863192	0.915333	0.958045	0.991048
0.735702	0.802596	0.863192	0.915333	0.958045	0.991048	1.014557
0.802596	0.863192	0.915333	0.958045	0.991048	1.014557	1.029238
0.863192	0.915333	0.958045	0.991048	1.014557	1.029238	1.036179
0.915333	0.958045	0.991048	1.014557	1.029238	1.036179	1.036836
0.958045	0.991048	1.014557	1.029238	1.036179	1.036836	1.033001
0.991048	1.014557	1.029238	1.036179	1.036836	1.033001	1.026813
1.014557	1.029238	1.036179	1.036836	1.033001	1.026813	1.020815
1.029238	1.036179	1.036836	1.033001	1.026813	1.020815	1.017924
1.036179	1.036836	1.033001	1.026813	1.020815	1.017924	1.021163
1.036836	1.033001	1.026813	1.020815	1.017924	1.021163	1.033033
1.033001	1.026813	1.020815	1.017924	1.021163	1.033033	1.054562
1.026813	1.020815	1.017924	1.021163	1.033033	1.054562	1.084289
1.020815	1.017924	1.021163	1.033033	1.054562	1.084289	1.11755
1.017924	1.021163	1.033033	1.054562	1.084289	1.11755	1.147159
1.021163	1.033033	1.054562	1.084289	1.11755	1.147159	1.166234
1.033033	1.054562	1.084289	1.11755	1.147159	1.166234	1.171403
1.054562	1.084289	1.11755	1.147159	1.166234	1.171403	1.16353
1.084289	1.11755	1.147159	1.166234	1.171403	1.16353	1.146078
1.11755	1.147159	1.166234	1.171403	1.16353	1.146078	1.123176
1.147159	1.166234	1.171403	1.16353	1.146078	1.123176	1.09851
1.166234	1.171403	1.16353	1.146078	1.123176	1.09851	1.074927
1.171403	1.16353	1.146078	1.123176	1.09851	1.074927	1.054358
1.16353	1.146078	1.123176	1.09851	1.074927	1.054358	1.037797
1.146078	1.123176	1.09851	1.074927	1.054358	1.037797	1.025239
1.123176	1.09851	1.074927	1.054358	1.037797	1.025239	1.015616
1.09851	1.074927	1.054358	1.037797	1.025239	1.015616	1.006796
1.074927	1.054358	1.037797	1.025239	1.015616	1.006796	0.995774
1.054358	1.037797	1.025239	1.015616	1.006796	0.995774	0.979204
1.037797	1.025239	1.015616	1.006796	0.995774	0.979204	0.954462
1.025239	1.015616	1.006796	0.995774	0.979204	0.954462	0.921015
1.015616	1.006796	0.995774	0.979204	0.954462	0.921015	0.881002
1.006796	0.995774	0.979204	0.954462	0.921015	0.881002	0.838263
0.995774	0.979204	0.954462	0.921015	0.881002	0.838263	0.796774
0.979204	0.954462	0.921015	0.881002	0.838263	0.796774	0.759792
0.954462	0.921015	0.881002	0.838263	0.796774	0.759792	0.729733
0.921015	0.881002	0.838263	0.796774	0.759792	0.729733	0.708225
0.881002	0.838263	0.796774	0.759792	0.729733	0.708225	0.696068
0.838263	0.796774	0.759792	0.729733	0.708225	0.696068	0.693122
0.796774	0.759792	0.729733	0.708225	0.696068	0.693122	0.698307
0.759792	0.729733	0.708225	0.696068	0.693122	0.698307	0.709853
0.729733	0.708225	0.696068	0.693122	0.698307	0.709853	0.725752
0.708225	0.696068	0.693122	0.698307	0.709853	0.725752	0.74429
0.696068	0.693122	0.698307	0.709853	0.725752	0.74429	0.764513
0.693122	0.698307	0.709853	0.725752	0.74429	0.764513	0.786554
0.698307	0.709853	0.725752	0.74429	0.764513	0.786554	0.811716
0.709853	0.725752	0.74429	0.764513	0.786554	0.811716	0.842063
0.725752	0.74429	0.764513	0.786554	0.811716	0.842063	0.879202
0.74429	0.764513	0.786554	0.811716	0.842063	0.879202	0.92259
0.764513	0.786554	0.811716	0.842063	0.879202	0.92259	0.968978
0.786554	0.811716	0.842063	0.879202	0.92259	0.968978	1.013982
0.811716	0.842063	0.879202	0.92259	0.968978	1.013982	1.05424
0.842063	0.879202	0.92259	0.968978	1.013982	1.05424	1.088328
0.879202	0.92259	0.968978	1.013982	1.05424	1.088328	1.116473
0.92259	0.968978	1.013982	1.05424	1.088328	1.116473	1.139879
0.968978	1.013982	1.05424	1.088328	1.116473	1.139879	1.160112
1.013982	1.05424	1.088328	1.116473	1.139879	1.160112	1.178656
1.05424	1.088328	1.116473	1.139879	1.160112	1.178656	1.196627
1.088328	1.116473	1.139879	1.160112	1.178656	1.196627	1.214649
1.116473	1.139879	1.160112	1.178656	1.196627	1.214649	1.232874
1.139879	1.160112	1.178656	1.196627	1.214649	1.232874	1.251102
1.160112	1.178656	1.196627	1.214649	1.232874	1.251102	1.268897
1.178656	1.196627	1.214649	1.232874	1.251102	1.268897	1.285593
1.196627	1.214649	1.232874	1.251102	1.268897	1.285593	1.30002
1.214649	1.232874	1.251102	1.268897	1.285593	1.30002	1.3099
1.232874	1.251102	1.268897	1.285593	1.30002	1.3099	1.311386
1.251102	1.268897	1.285593	1.30002	1.3099	1.311386	1.30005
1.268897	1.285593	1.30002	1.3099	1.311386	1.30005	1.273576
1.285593	1.30002	1.3099	1.311386	1.30005	1.273576	1.233379
1.30002	1.3099	1.311386	1.30005	1.273576	1.233379	1.183325
1.3099	1.311386	1.30005	1.273576	1.233379	1.183325	1.127546
1.311386	1.30005	1.273576	1.233379	1.183325	1.127546	1.069254
1.30005	1.273576	1.233379	1.183325	1.127546	1.069254	1.010541
1.273576	1.233379	1.183325	1.127546	1.069254	1.010541	0.952611
1.233379	1.183325	1.127546	1.069254	1.010541	0.952611	0.896083
1.183325	1.127546	1.069254	1.010541	0.952611	0.896083	0.841265
1.127546	1.069254	1.010541	0.952611	0.896083	0.841265	0.788335
1.069254	1.010541	0.952611	0.896083	0.841265	0.788335	0.737448
1.010541	0.952611	0.896083	0.841265	0.788335	0.737448	0.688763
0.952611	0.896083	0.841265	0.788335	0.737448	0.688763	0.642454
0.896083	0.841265	0.788335	0.737448	0.688763	0.642454	0.598723
0.841265	0.788335	0.737448	0.688763	0.642454	0.598723	0.557849
0.788335	0.737448	0.688763	0.642454	0.598723	0.557849	0.520299
0.737448	0.688763	0.642454	0.598723	0.557849	0.520299	0.486867
0.688763	0.642454	0.598723	0.557849	0.520299	0.486867	0.458804
0.642454	0.598723	0.557849	0.520299	0.486867	0.458804	0.437963
0.598723	0.557849	0.520299	0.486867	0.458804	0.437963	0.426964
0.557849	0.520299	0.486867	0.458804	0.437963	0.426964	0.429224
0.520299	0.486867	0.458804	0.437963	0.426964	0.429224	0.448421
0.486867	0.458804	0.437963	0.426964	0.429224	0.448421	0.486957
0.458804	0.437963	0.426964	0.429224	0.448421	0.486957	0.543819
0.437963	0.426964	0.429224	0.448421	0.486957	0.543819	0.61361
0.426964	0.429224	0.448421	0.486957	0.543819	0.61361	0.688229
0.429224	0.448421	0.486957	0.543819	0.61361	0.688229	0.75993
0.448421	0.486957	0.543819	0.61361	0.688229	0.75993	0.823357
0.486957	0.543819	0.61361	0.688229	0.75993	0.823357	0.875803
0.543819	0.61361	0.688229	0.75993	0.823357	0.875803	0.916518
0.61361	0.688229	0.75993	0.823357	0.875803	0.916518	0.945921
0.688229	0.75993	0.823357	0.875803	0.916518	0.945921	0.96502
0.75993	0.823357	0.875803	0.916518	0.945921	0.96502	0.975106
0.823357	0.875803	0.916518	0.945921	0.96502	0.975106	0.977616
0.875803	0.916518	0.945921	0.96502	0.975106	0.977616	0.97412
0.916518	0.945921	0.96502	0.975106	0.977616	0.97412	0.96637
0.945921	0.96502	0.975106	0.977616	0.97412	0.96637	0.956398
0.96502	0.975106	0.977616	0.97412	0.96637	0.956398	0.946634
0.975106	0.977616	0.97412	0.96637	0.956398	0.946634	0.939969
0.977616	0.97412	0.96637	0.956398	0.946634	0.939969	0.939606
0.97412	0.96637	0.956398	0.946634	0.939969	0.939606	0.948514
0.96637	0.956398	0.946634	0.939969	0.939606	0.948514	0.968502
0.956398	0.946634	0.939969	0.939606	0.948514	0.968502	0.999146
