DATA_DESCRIPT   = SNP-500 (3/1/1950 to 12/3/2009)
INPUT_FEATURES  = 0
OUTPUT_FEATURES = 0
TRAIN_RECORDS   = 1500
DATA_ROWS       = 1500	  % 30 years
CODEC_FORMAT    = 1		  % time series
1 0.000247561
2 0.002216348
3 0.008795624
4 0.024175583
5 0.053669959
6 0.10340246
7 0.179497248
8 0.285703069
9 0.417983559
10 0.55889324
11 0.684859633
12 0.786979691
13 0.873359291
14 0.952897425
15 1.028927093
16 1.101709405
17 1.170591166
18 1.234653971
19 1.292871005
20 1.344185373
21 1.387576827
22 1.422122748
23 1.447052636
24 1.461794096
25 1.466008204
26 1.459612464
27 1.442790211
28 1.415985958
29 1.379886952
30 1.335391985
31 1.283569354
32 1.225606727
33 1.162756553
34 1.09628133
35 1.027403411
36 0.957263851
37 0.886893949
38 0.817201722
39 0.748973683
40 0.682890389
41 0.619552458
42 0.559512144
43 0.503303836
44 0.451464815
45 0.404535192
46 0.363024377
47 0.327332639
48 0.297623059
49 0.273652547
50 0.254587574
51 0.238843374
52 0.223984803
53 0.206705205
54 0.182854563
55 0.147429987
56 0.094407026
57 0.016384361
58 -0.09542861
59 -0.248408841
60 -0.437046002
61 -0.625945666
62 -0.770517669
63 -0.870848473
64 -0.95270347
65 -1.028922182
66 -1.101709473
67 -1.170591163
68 -1.234653972
69 -1.292871005
70 -1.344185373
71 -1.387576827
72 -1.422122748
73 -1.447052636
74 -1.461794096
75 -1.466008204
76 -1.459612464
77 -1.442790211
78 -1.415985958
79 -1.379886952
80 -1.335391985
81 -1.283569354
82 -1.225606727
83 -1.162756553
84 -1.09628133
85 -1.027403411
86 -0.957263851
87 -0.886893949
88 -0.817201722
89 -0.748973683
90 -0.682890389
91 -0.619552458
92 -0.559512144
93 -0.503303836
94 -0.451464815
95 -0.404535192
96 -0.363024377
97 -0.327332639
98 -0.297623059
99 -0.273652547
100 -0.254587574
101 -0.238843374
102 -0.223984803
103 -0.206705205
104 -0.182854563
105 -0.147429987
106 -0.094407026
107 -0.016384361
108 0.09542861
109 0.248408841
110 0.437046002
111 0.625945666
112 0.770517669
113 0.870848473
114 0.95270347
115 1.028922182
116 1.101709473
117 1.170591163
118 1.234653972
119 1.292871005
120 1.344185373
121 1.387576827
122 1.422122748
123 1.447052636
124 1.461794096
125 1.466008204
126 1.459612464
127 1.442790211
128 1.415985958
129 1.379886952
130 1.335391985
131 1.283569354
132 1.225606727
133 1.162756553
134 1.09628133
135 1.027403411
136 0.957263851
137 0.886893949
138 0.817201722
139 0.748973683
140 0.682890389
141 0.619552458
142 0.559512144
143 0.503303836
144 0.451464815
145 0.404535192
146 0.363024377
147 0.327332639
148 0.297623059
149 0.273652547
150 0.254587574
151 0.238843374
152 0.223984803
153 0.206705205
154 0.182854563
155 0.147429987
156 0.094407026
157 0.016384361
158 -0.09542861
159 -0.248408841
160 -0.437046002
161 -0.625945666
162 -0.770517669
163 -0.870848473
164 -0.95270347
165 -1.028922182
166 -1.101709473
167 -1.170591163
168 -1.234653972
169 -1.292871005
170 -1.344185373
171 -1.387576827
172 -1.422122748
173 -1.447052636
174 -1.461794096
175 -1.466008204
176 -1.459612464
177 -1.442790211
178 -1.415985958
179 -1.379886952
180 -1.335391985
181 -1.283569354
182 -1.225606727
183 -1.162756553
184 -1.09628133
185 -1.027403411
186 -0.957263851
187 -0.886893949
188 -0.817201722
189 -0.748973683
190 -0.682890389
191 -0.619552458
192 -0.559512144
193 -0.503303836
194 -0.451464815
195 -0.404535192
196 -0.363024377
197 -0.327332639
198 -0.297623059
199 -0.273652547
200 -0.254587574
201 -0.238843374
202 -0.223984803
203 -0.206705205
204 -0.182854563
205 -0.147429987
206 -0.094407026
207 -0.016384361
208 0.09542861
209 0.248408841
210 0.437046002
211 0.625945666
212 0.770517669
213 0.870848473
214 0.95270347
215 1.028922182
216 1.101709473
217 1.170591163
218 1.234653972
219 1.292871005
220 1.344185373
221 1.387576827
222 1.422122748
223 1.447052636
224 1.461794096
225 1.466008204
226 1.459612464
227 1.442790211
228 1.415985958
229 1.379886952
230 1.335391985
231 1.283569354
232 1.225606727
233 1.162756553
234 1.09628133
235 1.027403411
236 0.957263851
237 0.886893949
238 0.817201722
239 0.748973683
240 0.682890389
241 0.619552458
242 0.559512144
243 0.503303836
244 0.451464815
245 0.404535192
246 0.363024377
247 0.327332639
248 0.297623059
249 0.273652547
250 0.254587574
251 0.238843374
252 0.223984803
253 0.206705205
254 0.182854563
255 0.147429987
256 0.094407026
257 0.016384361
258 -0.09542861
259 -0.248408841
260 -0.437046002
261 -0.625945666
262 -0.770517669
263 -0.870848473
264 -0.95270347
265 -1.028922182
266 -1.101709473
267 -1.170591163
268 -1.234653972
269 -1.292871005
270 -1.344185373
271 -1.387576827
272 -1.422122748
273 -1.447052636
274 -1.461794096
275 -1.466008204
276 -1.459612464
277 -1.442790211
278 -1.415985958
279 -1.379886952
280 -1.335391985
281 -1.283569354
282 -1.225606727
283 -1.162756553
284 -1.09628133
285 -1.027403411
286 -0.957263851
287 -0.886893949
288 -0.817201722
289 -0.748973683
290 -0.682890389
291 -0.619552458
292 -0.559512144
293 -0.503303836
294 -0.451464815
295 -0.404535192
296 -0.363024377
297 -0.327332639
298 -0.297623059
299 -0.273652547
300 -0.254587574
301 -0.238843374
302 -0.223984803
303 -0.206705205
304 -0.182854563
305 -0.147429987
306 -0.094407026
307 -0.016384361
308 0.09542861
309 0.248408841
310 0.437046002
311 0.625945666
312 0.770517669
313 0.870848473
314 0.95270347
315 1.028922182
316 1.101709473
317 1.170591163
318 1.234653972
319 1.292871005
320 1.344185373
321 1.387576827
322 1.422122748
323 1.447052636
324 1.461794096
325 1.466008204
326 1.459612464
327 1.442790211
328 1.415985958
329 1.379886952
330 1.335391985
331 1.283569354
332 1.225606727
333 1.162756553
334 1.09628133
335 1.027403411
336 0.957263851
337 0.886893949
338 0.817201722
339 0.748973683
340 0.682890389
341 0.619552458
342 0.559512144
343 0.503303836
344 0.451464815
345 0.404535192
346 0.363024377
347 0.327332639
348 0.297623059
349 0.273652547
350 0.254587574
351 0.238843374
352 0.223984803
353 0.206705205
354 0.182854563
355 0.147429987
356 0.094407026
357 0.016384361
358 -0.09542861
359 -0.248408841
360 -0.437046002
361 -0.625945666
362 -0.770517669
363 -0.870848473
364 -0.95270347
365 -1.028922182
366 -1.101709473
367 -1.170591163
368 -1.234653972
369 -1.292871005
370 -1.344185373
371 -1.387576827
372 -1.422122748
373 -1.447052636
374 -1.461794096
375 -1.466008204
376 -1.459612464
377 -1.442790211
378 -1.415985958
379 -1.379886952
380 -1.335391985
381 -1.283569354
382 -1.225606727
383 -1.162756553
384 -1.09628133
385 -1.027403411
386 -0.957263851
387 -0.886893949
388 -0.817201722
389 -0.748973683
390 -0.682890389
391 -0.619552458
392 -0.559512144
393 -0.503303836
394 -0.451464815
395 -0.404535192
396 -0.363024377
397 -0.327332639
398 -0.297623059
399 -0.273652547
400 -0.254587574
401 -0.238843374
402 -0.223984803
403 -0.206705205
404 -0.182854563
405 -0.147429987
406 -0.094407026
407 -0.016384361
408 0.09542861
409 0.248408841
410 0.437046002
411 0.625945666
412 0.770517669
413 0.870848473
414 0.95270347
415 1.028922182
416 1.101709473
417 1.170591163
418 1.234653972
419 1.292871005
420 1.344185373
421 1.387576827
422 1.422122748
423 1.447052636
424 1.461794096
425 1.466008204
426 1.459612464
427 1.442790211
428 1.415985958
429 1.379886952
430 1.335391985
431 1.283569354
432 1.225606727
433 1.162756553
434 1.09628133
435 1.027403411
436 0.957263851
437 0.886893949
438 0.817201722
439 0.748973683
440 0.682890389
441 0.619552458
442 0.559512144
443 0.503303836
444 0.451464815
445 0.404535192
446 0.363024377
447 0.327332639
448 0.297623059
449 0.273652547
450 0.254587574
451 0.238843374
452 0.223984803
453 0.206705205
454 0.182854563
455 0.147429987
456 0.094407026
457 0.016384361
458 -0.09542861
459 -0.248408841
460 -0.437046002
461 -0.625945666
462 -0.770517669
463 -0.870848473
464 -0.95270347
465 -1.028922182
466 -1.101709473
467 -1.170591163
468 -1.234653972
469 -1.292871005
470 -1.344185373
471 -1.387576827
472 -1.422122748
473 -1.447052636
474 -1.461794096
475 -1.466008204
476 -1.459612464
477 -1.442790211
478 -1.415985958
479 -1.379886952
480 -1.335391985
481 -1.283569354
482 -1.225606727
483 -1.162756553
484 -1.09628133
485 -1.027403411
486 -0.957263851
487 -0.886893949
488 -0.817201722
489 -0.748973683
490 -0.682890389
491 -0.619552458
492 -0.559512144
493 -0.503303836
494 -0.451464815
495 -0.404535192
496 -0.363024377
497 -0.327332639
498 -0.297623059
499 -0.273652547
500 -0.254587574
501 -0.238843374
502 -0.223984803
503 -0.206705205
504 -0.182854563
505 -0.147429987
506 -0.094407026
507 -0.016384361
508 0.09542861
509 0.248408841
510 0.437046002
511 0.625945666
512 0.770517669
513 0.870848473
514 0.95270347
515 1.028922182
516 1.101709473
517 1.170591163
518 1.234653972
519 1.292871005
520 1.344185373
521 1.387576827
522 1.422122748
523 1.447052636
524 1.461794096
525 1.466008204
526 1.459612464
527 1.442790211
528 1.415985958
529 1.379886952
530 1.335391985
531 1.283569354
532 1.225606727
533 1.162756553
534 1.09628133
535 1.027403411
536 0.957263851
537 0.886893949
538 0.817201722
539 0.748973683
540 0.682890389
541 0.619552458
542 0.559512144
543 0.503303836
544 0.451464815
545 0.404535192
546 0.363024377
547 0.327332639
548 0.297623059
549 0.273652547
550 0.254587574
551 0.238843374
552 0.223984803
553 0.206705205
554 0.182854563
555 0.147429987
556 0.094407026
557 0.016384361
558 -0.09542861
559 -0.248408841
560 -0.437046002
561 -0.625945666
562 -0.770517669
563 -0.870848473
564 -0.95270347
565 -1.028922182
566 -1.101709473
567 -1.170591163
568 -1.234653972
569 -1.292871005
570 -1.344185373
571 -1.387576827
572 -1.422122748
573 -1.447052636
574 -1.461794096
575 -1.466008204
576 -1.459612464
577 -1.442790211
578 -1.415985958
579 -1.379886952
580 -1.335391985
581 -1.283569354
582 -1.225606727
583 -1.162756553
584 -1.09628133
585 -1.027403411
586 -0.957263851
587 -0.886893949
588 -0.817201722
589 -0.748973683
590 -0.682890389
591 -0.619552458
592 -0.559512144
593 -0.503303836
594 -0.451464815
595 -0.404535192
596 -0.363024377
597 -0.327332639
598 -0.297623059
599 -0.273652547
600 -0.254587574
601 -0.238843374
602 -0.223984803
603 -0.206705205
604 -0.182854563
605 -0.147429987
606 -0.094407026
607 -0.016384361
608 0.09542861
609 0.248408841
610 0.437046002
611 0.625945666
612 0.770517669
613 0.870848473
614 0.95270347
615 1.028922182
616 1.101709473
617 1.170591163
618 1.234653972
619 1.292871005
620 1.344185373
621 1.387576827
622 1.422122748
623 1.447052636
624 1.461794096
625 1.466008204
626 1.459612464
627 1.442790211
628 1.415985958
629 1.379886952
630 1.335391985
631 1.283569354
632 1.225606727
633 1.162756553
634 1.09628133
635 1.027403411
636 0.957263851
637 0.886893949
638 0.817201722
639 0.748973683
640 0.682890389
641 0.619552458
642 0.559512144
643 0.503303836
644 0.451464815
645 0.404535192
646 0.363024377
647 0.327332639
648 0.297623059
649 0.273652547
650 0.254587574
651 0.238843374
652 0.223984803
653 0.206705205
654 0.182854563
655 0.147429987
656 0.094407026
657 0.016384361
658 -0.09542861
659 -0.248408841
660 -0.437046002
661 -0.625945666
662 -0.770517669
663 -0.870848473
664 -0.95270347
665 -1.028922182
666 -1.101709473
667 -1.170591163
668 -1.234653972
669 -1.292871005
670 -1.344185373
671 -1.387576827
672 -1.422122748
673 -1.447052636
674 -1.461794096
675 -1.466008204
676 -1.459612464
677 -1.442790211
678 -1.415985958
679 -1.379886952
680 -1.335391985
681 -1.283569354
682 -1.225606727
683 -1.162756553
684 -1.09628133
685 -1.027403411
686 -0.957263851
687 -0.886893949
688 -0.817201722
689 -0.748973683
690 -0.682890389
691 -0.619552458
692 -0.559512144
693 -0.503303836
694 -0.451464815
695 -0.404535192
696 -0.363024377
697 -0.327332639
698 -0.297623059
699 -0.273652547
700 -0.254587574
701 -0.238843374
702 -0.223984803
703 -0.206705205
704 -0.182854563
705 -0.147429987
706 -0.094407026
707 -0.016384361
708 0.09542861
709 0.248408841
710 0.437046002
711 0.625945666
712 0.770517669
713 0.870848473
714 0.95270347
715 1.028922182
716 1.101709473
717 1.170591163
718 1.234653972
719 1.292871005
720 1.344185373
721 1.387576827
722 1.422122748
723 1.447052636
724 1.461794096
725 1.466008204
726 1.459612464
727 1.442790211
728 1.415985958
729 1.379886952
730 1.335391985
731 1.283569354
732 1.225606727
733 1.162756553
734 1.09628133
735 1.027403411
736 0.957263851
737 0.886893949
738 0.817201722
739 0.748973683
740 0.682890389
741 0.619552458
742 0.559512144
743 0.503303836
744 0.451464815
745 0.404535192
746 0.363024377
747 0.327332639
748 0.297623059
749 0.273652547
750 0.254587574
751 0.238843374
752 0.223984803
753 0.206705205
754 0.182854563
755 0.147429987
756 0.094407026
757 0.016384361
758 -0.09542861
759 -0.248408841
760 -0.437046002
761 -0.625945666
762 -0.770517669
763 -0.870848473
764 -0.95270347
765 -1.028922182
766 -1.101709473
767 -1.170591163
768 -1.234653972
769 -1.292871005
770 -1.344185373
771 -1.387576827
772 -1.422122748
773 -1.447052636
774 -1.461794096
775 -1.466008204
776 -1.459612464
777 -1.442790211
778 -1.415985958
779 -1.379886952
780 -1.335391985
781 -1.283569354
782 -1.225606727
783 -1.162756553
784 -1.09628133
785 -1.027403411
786 -0.957263851
787 -0.886893949
788 -0.817201722
789 -0.748973683
790 -0.682890389
791 -0.619552458
792 -0.559512144
793 -0.503303836
794 -0.451464815
795 -0.404535192
796 -0.363024377
797 -0.327332639
798 -0.297623059
799 -0.273652547
800 -0.254587574
801 -0.238843374
802 -0.223984803
803 -0.206705205
804 -0.182854563
805 -0.147429987
806 -0.094407026
807 -0.016384361
808 0.09542861
809 0.248408841
810 0.437046002
811 0.625945666
812 0.770517669
813 0.870848473
814 0.95270347
815 1.028922182
816 1.101709473
817 1.170591163
818 1.234653972
819 1.292871005
820 1.344185373
821 1.387576827
822 1.422122748
823 1.447052636
824 1.461794096
825 1.466008204
826 1.459612464
827 1.442790211
828 1.415985958
829 1.379886952
830 1.335391985
831 1.283569354
832 1.225606727
833 1.162756553
834 1.09628133
835 1.027403411
836 0.957263851
837 0.886893949
838 0.817201722
839 0.748973683
840 0.682890389
841 0.619552458
842 0.559512144
843 0.503303836
844 0.451464815
845 0.404535192
846 0.363024377
847 0.327332639
848 0.297623059
849 0.273652547
850 0.254587574
851 0.238843374
852 0.223984803
853 0.206705205
854 0.182854563
855 0.147429987
856 0.094407026
857 0.016384361
858 -0.09542861
859 -0.248408841
860 -0.437046002
861 -0.625945666
862 -0.770517669
863 -0.870848473
864 -0.95270347
865 -1.028922182
866 -1.101709473
867 -1.170591163
868 -1.234653972
869 -1.292871005
870 -1.344185373
871 -1.387576827
872 -1.422122748
873 -1.447052636
874 -1.461794096
875 -1.466008204
876 -1.459612464
877 -1.442790211
878 -1.415985958
879 -1.379886952
880 -1.335391985
881 -1.283569354
882 -1.225606727
883 -1.162756553
884 -1.09628133
885 -1.027403411
886 -0.957263851
887 -0.886893949
888 -0.817201722
889 -0.748973683
890 -0.682890389
891 -0.619552458
892 -0.559512144
893 -0.503303836
894 -0.451464815
895 -0.404535192
896 -0.363024377
897 -0.327332639
898 -0.297623059
899 -0.273652547
900 -0.254587574
901 -0.238843374
902 -0.223984803
903 -0.206705205
904 -0.182854563
905 -0.147429987
906 -0.094407026
907 -0.016384361
908 0.09542861
909 0.248408841
910 0.437046002
911 0.625945666
912 0.770517669
913 0.870848473
914 0.95270347
915 1.028922182
916 1.101709473
917 1.170591163
918 1.234653972
919 1.292871005
920 1.344185373
921 1.387576827
922 1.422122748
923 1.447052636
924 1.461794096
925 1.466008204
926 1.459612464
927 1.442790211
928 1.415985958
929 1.379886952
930 1.335391985
931 1.283569354
932 1.225606727
933 1.162756553
934 1.09628133
935 1.027403411
936 0.957263851
937 0.886893949
938 0.817201722
939 0.748973683
940 0.682890389
941 0.619552458
942 0.559512144
943 0.503303836
944 0.451464815
945 0.404535192
946 0.363024377
947 0.327332639
948 0.297623059
949 0.273652547
950 0.254587574
951 0.238843374
952 0.223984803
953 0.206705205
954 0.182854563
955 0.147429987
956 0.094407026
957 0.016384361
958 -0.09542861
959 -0.248408841
960 -0.437046002
961 -0.625945666
962 -0.770517669
963 -0.870848473
964 -0.95270347
965 -1.028922182
966 -1.101709473
967 -1.170591163
968 -1.234653972
969 -1.292871005
970 -1.344185373
971 -1.387576827
972 -1.422122748
973 -1.447052636
974 -1.461794096
975 -1.466008204
976 -1.459612464
977 -1.442790211
978 -1.415985958
979 -1.379886952
980 -1.335391985
981 -1.283569354
982 -1.225606727
983 -1.162756553
984 -1.09628133
985 -1.027403411
986 -0.957263851
987 -0.886893949
988 -0.817201722
989 -0.748973683
990 -0.682890389
991 -0.619552458
992 -0.559512144
993 -0.503303836
994 -0.451464815
995 -0.404535192
996 -0.363024377
997 -0.327332639
998 -0.297623059
999 -0.273652547
1000 -0.254587574
1001 -0.238843374
1002 -0.223984803
1003 -0.206705205
1004 -0.182854563
1005 -0.147429987
1006 -0.094407026
1007 -0.016384361
1008 0.09542861
1009 0.248408841
1010 0.437046002
1011 0.625945666
1012 0.770517669
1013 0.870848473
1014 0.95270347
1015 1.028922182
1016 1.101709473
1017 1.170591163
1018 1.234653972
1019 1.292871005
1020 1.344185373
1021 1.387576827
1022 1.422122748
1023 1.447052636
1024 1.461794096
1025 1.466008204
1026 1.459612464
1027 1.442790211
1028 1.415985958
1029 1.379886952
1030 1.335391985
1031 1.283569354
1032 1.225606727
1033 1.162756553
1034 1.09628133
1035 1.027403411
1036 0.957263851
1037 0.886893949
1038 0.817201722
1039 0.748973683
1040 0.682890389
1041 0.619552458
1042 0.559512144
1043 0.503303836
1044 0.451464815
1045 0.404535192
1046 0.363024377
1047 0.327332639
1048 0.297623059
1049 0.273652547
1050 0.254587574
1051 0.238843374
1052 0.223984803
1053 0.206705205
1054 0.182854563
1055 0.147429987
1056 0.094407026
1057 0.016384361
1058 -0.09542861
1059 -0.248408841
1060 -0.437046002
1061 -0.625945666
1062 -0.770517669
1063 -0.870848473
1064 -0.95270347
1065 -1.028922182
1066 -1.101709473
1067 -1.170591163
1068 -1.234653972
1069 -1.292871005
1070 -1.344185373
1071 -1.387576827
1072 -1.422122748
1073 -1.447052636
1074 -1.461794096
1075 -1.466008204
1076 -1.459612464
1077 -1.442790211
1078 -1.415985958
1079 -1.379886952
1080 -1.335391985
1081 -1.283569354
1082 -1.225606727
1083 -1.162756553
1084 -1.09628133
1085 -1.027403411
1086 -0.957263851
1087 -0.886893949
1088 -0.817201722
1089 -0.748973683
1090 -0.682890389
1091 -0.619552458
1092 -0.559512144
1093 -0.503303836
1094 -0.451464815
1095 -0.404535192
1096 -0.363024377
1097 -0.327332639
1098 -0.297623059
1099 -0.273652547
1100 -0.254587574
1101 -0.238843374
1102 -0.223984803
1103 -0.206705205
1104 -0.182854563
1105 -0.147429987
1106 -0.094407026
1107 -0.016384361
1108 0.09542861
1109 0.248408841
1110 0.437046002
1111 0.625945666
1112 0.770517669
1113 0.870848473
1114 0.95270347
1115 1.028922182
1116 1.101709473
1117 1.170591163
1118 1.234653972
1119 1.292871005
1120 1.344185373
1121 1.387576827
1122 1.422122748
1123 1.447052636
1124 1.461794096
1125 1.466008204
1126 1.459612464
1127 1.442790211
1128 1.415985958
1129 1.379886952
1130 1.335391985
1131 1.283569354
1132 1.225606727
1133 1.162756553
1134 1.09628133
1135 1.027403411
1136 0.957263851
1137 0.886893949
1138 0.817201722
1139 0.748973683
1140 0.682890389
1141 0.619552458
1142 0.559512144
1143 0.503303836
1144 0.451464815
1145 0.404535192
1146 0.363024377
1147 0.327332639
1148 0.297623059
1149 0.273652547
1150 0.254587574
1151 0.238843374
1152 0.223984803
1153 0.206705205
1154 0.182854563
1155 0.147429987
1156 0.094407026
1157 0.016384361
1158 -0.09542861
1159 -0.248408841
1160 -0.437046002
1161 -0.625945666
1162 -0.770517669
1163 -0.870848473
1164 -0.95270347
1165 -1.028922182
1166 -1.101709473
1167 -1.170591163
1168 -1.234653972
1169 -1.292871005
1170 -1.344185373
1171 -1.387576827
1172 -1.422122748
1173 -1.447052636
1174 -1.461794096
1175 -1.466008204
1176 -1.459612464
1177 -1.442790211
1178 -1.415985958
1179 -1.379886952
1180 -1.335391985
1181 -1.283569354
1182 -1.225606727
1183 -1.162756553
1184 -1.09628133
1185 -1.027403411
1186 -0.957263851
1187 -0.886893949
1188 -0.817201722
1189 -0.748973683
1190 -0.682890389
1191 -0.619552458
1192 -0.559512144
1193 -0.503303836
1194 -0.451464815
1195 -0.404535192
1196 -0.363024377
1197 -0.327332639
1198 -0.297623059
1199 -0.273652547
1200 -0.254587574
1201 -0.238843374
1202 -0.223984803
1203 -0.206705205
1204 -0.182854563
1205 -0.147429987
1206 -0.094407026
1207 -0.016384361
1208 0.09542861
1209 0.248408841
1210 0.437046002
1211 0.625945666
1212 0.770517669
1213 0.870848473
1214 0.95270347
1215 1.028922182
1216 1.101709473
1217 1.170591163
1218 1.234653972
1219 1.292871005
1220 1.344185373
1221 1.387576827
1222 1.422122748
1223 1.447052636
1224 1.461794096
1225 1.466008204
1226 1.459612464
1227 1.442790211
1228 1.415985958
1229 1.379886952
1230 1.335391985
1231 1.283569354
1232 1.225606727
1233 1.162756553
1234 1.09628133
1235 1.027403411
1236 0.957263851
1237 0.886893949
1238 0.817201722
1239 0.748973683
1240 0.682890389
1241 0.619552458
1242 0.559512144
1243 0.503303836
1244 0.451464815
1245 0.404535192
1246 0.363024377
1247 0.327332639
1248 0.297623059
1249 0.273652547
1250 0.254587574
1251 0.238843374
1252 0.223984803
1253 0.206705205
1254 0.182854563
1255 0.147429987
1256 0.094407026
1257 0.016384361
1258 -0.09542861
1259 -0.248408841
1260 -0.437046002
1261 -0.625945666
1262 -0.770517669
1263 -0.870848473
1264 -0.95270347
1265 -1.028922182
1266 -1.101709473
1267 -1.170591163
1268 -1.234653972
1269 -1.292871005
1270 -1.344185373
1271 -1.387576827
1272 -1.422122748
1273 -1.447052636
1274 -1.461794096
1275 -1.466008204
1276 -1.459612464
1277 -1.442790211
1278 -1.415985958
1279 -1.379886952
1280 -1.335391985
1281 -1.283569354
1282 -1.225606727
1283 -1.162756553
1284 -1.09628133
1285 -1.027403411
1286 -0.957263851
1287 -0.886893949
1288 -0.817201722
1289 -0.748973683
1290 -0.682890389
1291 -0.619552458
1292 -0.559512144
1293 -0.503303836
1294 -0.451464815
1295 -0.404535192
1296 -0.363024377
1297 -0.327332639
1298 -0.297623059
1299 -0.273652547
1300 -0.254587574
1301 -0.238843374
1302 -0.223984803
1303 -0.206705205
1304 -0.182854563
1305 -0.147429987
1306 -0.094407026
1307 -0.016384361
1308 0.09542861
1309 0.248408841
1310 0.437046002
1311 0.625945666
1312 0.770517669
1313 0.870848473
1314 0.95270347
1315 1.028922182
1316 1.101709473
1317 1.170591163
1318 1.234653972
1319 1.292871005
1320 1.344185373
1321 1.387576827
1322 1.422122748
1323 1.447052636
1324 1.461794096
1325 1.466008204
1326 1.459612464
1327 1.442790211
1328 1.415985958
1329 1.379886952
1330 1.335391985
1331 1.283569354
1332 1.225606727
1333 1.162756553
1334 1.09628133
1335 1.027403411
1336 0.957263851
1337 0.886893949
1338 0.817201722
1339 0.748973683
1340 0.682890389
1341 0.619552458
1342 0.559512144
1343 0.503303836
1344 0.451464815
1345 0.404535192
1346 0.363024377
1347 0.327332639
1348 0.297623059
1349 0.273652547
1350 0.254587574
1351 0.238843374
1352 0.223984803
1353 0.206705205
1354 0.182854563
1355 0.147429987
1356 0.094407026
1357 0.016384361
1358 -0.09542861
1359 -0.248408841
1360 -0.437046002
1361 -0.625945666
1362 -0.770517669
1363 -0.870848473
1364 -0.95270347
1365 -1.028922182
1366 -1.101709473
1367 -1.170591163
1368 -1.234653972
1369 -1.292871005
1370 -1.344185373
1371 -1.387576827
1372 -1.422122748
1373 -1.447052636
1374 -1.461794096
1375 -1.466008204
1376 -1.459612464
1377 -1.442790211
1378 -1.415985958
1379 -1.379886952
1380 -1.335391985
1381 -1.283569354
1382 -1.225606727
1383 -1.162756553
1384 -1.09628133
1385 -1.027403411
1386 -0.957263851
1387 -0.886893949
1388 -0.817201722
1389 -0.748973683
1390 -0.682890389
1391 -0.619552458
1392 -0.559512144
1393 -0.503303836
1394 -0.451464815
1395 -0.404535192
1396 -0.363024377
1397 -0.327332639
1398 -0.297623059
1399 -0.273652547
1400 -0.254587574
1401 -0.238843374
1402 -0.223984803
1403 -0.206705205
1404 -0.182854563
1405 -0.147429987
1406 -0.094407026
1407 -0.016384361
1408 0.09542861
1409 0.248408841
1410 0.437046002
1411 0.625945666
1412 0.770517669
1413 0.870848473
1414 0.95270347
1415 1.028922182
1416 1.101709473
1417 1.170591163
1418 1.234653972
1419 1.292871005
1420 1.344185373
1421 1.387576827
1422 1.422122748
1423 1.447052636
1424 1.461794096
1425 1.466008204
1426 1.459612464
1427 1.442790211
1428 1.415985958
1429 1.379886952
1430 1.335391985
1431 1.283569354
1432 1.225606727
1433 1.162756553
1434 1.09628133
1435 1.027403411
1436 0.957263851
1437 0.886893949
1438 0.817201722
1439 0.748973683
1440 0.682890389
1441 0.619552458
1442 0.559512144
1443 0.503303836
1444 0.451464815
1445 0.404535192
1446 0.363024377
1447 0.327332639
1448 0.297623059
1449 0.273652547
1450 0.254587574
1451 0.238843374
1452 0.223984803
1453 0.206705205
1454 0.182854563
1455 0.147429987
1456 0.094407026
1457 0.016384361
1458 -0.09542861
1459 -0.248408841
1460 -0.437046002
1461 -0.625945666
1462 -0.770517669
1463 -0.870848473
1464 -0.95270347
1465 -1.028922182
1466 -1.101709473
1467 -1.170591163
1468 -1.234653972
1469 -1.292871005
1470 -1.344185373
1471 -1.387576827
1472 -1.422122748
1473 -1.447052636
1474 -1.461794096
1475 -1.466008204
1476 -1.459612464
1477 -1.442790211
1478 -1.415985958
1479 -1.379886952
1480 -1.335391985
1481 -1.283569354
1482 -1.225606727
1483 -1.162756553
1484 -1.09628133
1485 -1.027403411
1486 -0.957263851
1487 -0.886893949
1488 -0.817201722
1489 -0.748973683
1490 -0.682890389
1491 -0.619552458
1492 -0.559512144
1493 -0.503303836
1494 -0.451464815
1495 -0.404535192
1496 -0.363024377
1497 -0.327332639
1498 -0.297623059
1499 -0.273652547
1500 -0.254587574
